0 0.13125 0.521875 0.11875 0.2140625
0 0.378125 0.51484375 0.15625 0.16875
0 0.66015625 0.528125 0.1265625 0.1859375
0 0.90546875 0.521875 0.11015625 0.12578125
0 0.39296875 0.43359375 0.04375 0.0859375
0 0.91015625 0.43125 0.03515625 0.06171875
0 0.05234375 0.42265625 0.04375 0.06015625
0 0.1203125 0.42734375 0.04296875 0.03828125
0 0.2765625 0.39609375 0.0453125 0.04296875
0 0.79921875 0.4046875 0.03515625 0.06328125
0 0.5765625 0.4234375 0.028125 0.03984375
0 0.6296875 0.39921875 0.0484375 0.05234375
0 0.10859375 0.39140625 0.0390625 0.03046875